image_width: 1280
image_height: 1024
camera_name: narrow_stereo
camera_matrix:
  rows: 3
  cols: 3
  data: [1304.439489263501, 0.000000         , 645.1363359155288,
         0.000000         , 1304.857276545532, 482.1782098869556,
         0.000000         , 0.000000         , 1.000000         ]

distortion_model: plumb_bob
distortion_coefficients:
  rows: 1
  cols: 5
  data: [-0.09196935696715784, 0.2601001395015269, -0.001502367204728249, -0.0008607129158181904, -0.5097079093957644]
rectification_matrix:
  rows: 3
  cols: 3
  data: [1., 0., 0.,
         0., 1., 0.,
         0., 0., 1.]
projection_matrix:
  rows: 3
  cols: 4
  data: [1330.893188, 0.000000   , 635.633487, 0.000000,
         0.000000   , 1298.123169, 471.777088, 0.000000,
         0.000000   , 0.000000   , 1.000000  , 0.000000]
